RGBX 208
0 48 72 1
248 0 0 1
112 128 112 1
96 120 96 1
64 64 88 1
56 56 80 1
24 32 48 1
24 24 24 1
136 120 160 0
88 80 112 0
0 104 56 0
0 112 64 1
16 120 64 1
0 56 0 1
56 96 80 1
56 64 88 1
0 128 248 1
248 248 240 1
240 248 216 1
216 216 192 1
184 168 136 1
88 88 72 1
232 120 48 1
184 72 16 1
144 168 168 1
72 248 248 1
64 232 248 1
64 216 248 1
48 192 248 1
40 136 200 1
72 120 96 1
40 80 96 1
0 128 248 1
232 208 176 1
240 200 152 1
152 128 96 1
112 120 72 1
248 144 192 1
248 136 184 1
232 120 168 1
232 112 152 1
224 104 144 1
152 56 80 1
248 80 0 1
200 184 176 1
120 152 128 1
80 72 56 1
0 208 0 1
0 128 248 1
248 248 160 0
248 208 120 0
248 168 72 0
248 248 232 0
208 216 184 0
144 160 128 0
160 64 72 0
120 64 72 0
80 64 64 0
136 120 88 0
104 96 72 0
72 64 48 0
8 64 128 0
8 40 88 0
72 72 64 0
0 128 248 1
248 248 240 0
208 216 192 0
144 160 136 0
192 128 64 0
160 96 48 0
128 64 32 0
240 208 144 0
216 184 120 0
200 160 96 0
168 112 56 0
248 248 208 0
232 216 120 0
128 96 104 0
248 248 0 0
72 72 64 0
0 128 248 1
248 248 240 0
208 216 192 0
144 160 136 0
136 152 168 0
96 112 136 0
56 80 104 0
168 136 120 0
152 120 104 0
136 104 88 0
120 88 72 0
240 240 208 0
192 200 176 0
128 96 104 0
248 248 0 0
72 72 64 0
96 248 56 0
248 248 248 0
200 208 208 0
152 168 168 0
128 136 128 0
248 232 80 0
208 168 64 0
184 104 8 0
120 96 32 0
72 32 16 0
64 96 104 0
24 48 64 0
8 32 48 0
176 120 144 0
144 88 112 0
72 72 64 0
0 48 72 1
184 184 128 0
168 160 104 0
144 136 88 0
136 120 80 0
112 96 48 0
96 80 48 0
72 64 48 0
168 176 144 0
248 248 208 0
248 192 152 0
248 160 72 0
112 128 112 1
144 80 96 0
112 40 64 0
88 16 40 0
40 152 96 0
0 104 56 0
16 96 64 0
8 88 56 0
8 80 48 0
0 72 40 0
0 72 32 0
0 64 24 0
0 64 24 0
0 56 16 0
0 48 8 0
8 40 8 0
120 80 16 0
88 64 16 0
72 56 24 0
56 56 40 0
0 48 72 1
104 80 72 0
80 64 56 0
64 48 40 0
48 32 32 0
112 128 80 0
120 128 96 0
104 112 80 0
104 112 80 0
184 80 96 0
184 40 56 0
184 32 32 0
160 32 32 0
128 32 32 0
88 32 32 0
72 40 32 0
0 48 72 1
168 168 160 0
168 160 152 0
168 160 136 0
160 152 128 0
160 144 112 0
136 120 96 0
104 96 80 0
72 72 64 0
64 64 64 0
224 176 136 0
200 144 128 0
176 120 120 0
152 88 112 0
128 56 104 0
112 32 96 0
0 48 72 1
104 80 72 0
80 64 56 0
64 48 40 0
48 32 32 0
72 80 96 0
32 80 112 0
16 72 104 0
8 72 96 0
176 160 88 0
176 128 64 0
136 96 64 0
80 80 80 0
144 136 120 0
112 112 104 0
0 104 56 0
0 0 0 0
0 0 0 0
0 0 0 0
0 0 0 0
0 0 0 0
0 0 0 0
0 0 0 0
0 0 0 0
0 0 0 0
0 0 0 0
0 0 0 0
0 0 0 0
0 0 0 0
0 0 0 0
0 0 0 0
0 0 0 0
