RGBX 48
0 0 0 0
48 96 176 1
16 0 80 1
16 48 112 1
16 0 80 1
16 0 40 1
248 176 72 1
248 176 72 1
232 88 48 1
216 40 24 1
208 0 0 1
168 248 152 1
128 128 112 1
96 96 80 1
64 64 48 1
0 224 0 1
0 0 0 0
96 144 224 1
16 48 112 1
40 72 136 1
16 48 112 1
16 0 80 1
248 200 72 1
248 200 72 1
232 112 48 1
232 88 48 1
216 40 24 1
168 248 152 1
152 168 128 1
128 128 112 1
96 96 80 1
248 184 0 1
0 0 0 0
0 48 128 1
16 0 40 1
16 0 80 1
16 0 40 1
0 0 24 1
240 144 40 1
240 144 40 1
216 40 24 1
184 24 8 1
176 0 0 1
168 248 152 1
152 168 128 1
64 64 48 1
48 48 32 1
64 176 0 1
